[gd_scene load_steps=2 format=3 uid="uid://p70vo0hqdgqv"]

[ext_resource type="PackedScene" uid="uid://deuapcn1ywqqi" path="res://ewbik/art/ewbik_3_bone_chain.glb" id="1_k4flg"]

[node name="ewbik_3_bone_chain" instance=ExtResource("1_k4flg")]

[node name="Skeleton3D" parent="Armature" index="0"]
bones/0/position = Vector3(-0.00529316, 0, 0)
bones/0/rotation = Quaternion(0, 0, 0, 1)
bones/0/scale = Vector3(1, 1, 1)
bones/1/position = Vector3(-3.27826e-06, 0.0926562, 9.33878e-10)
bones/1/rotation = Quaternion(0.00879059, -0.0431568, 0.225672, 0.973207)
bones/1/scale = Vector3(1, 1, 1)
bones/2/position = Vector3(0.000825386, 0.112029, 0.000193491)
bones/2/rotation = Quaternion(0.000702649, 0.0180673, -0.0158889, 0.99971)
bones/2/scale = Vector3(1, 1, 1)
bones/3/position = Vector3(-0.00250821, 0.102628, 1.28034e-06)
bones/3/rotation = Quaternion(-0.00658928, 0.0251351, -0.230042, 0.972834)
bones/3/scale = Vector3(1, 1, 1)
bones/4/position = Vector3(-9.90927e-07, 0.101677, -3.66866e-09)
bones/4/rotation = Quaternion(-0.0411, -0.0789482, -0.494491, 0.864614)
bones/4/scale = Vector3(1, 1, 1)
bones/5/position = Vector3(-0.00431618, 0.102428, 2.34693e-05)
bones/5/rotation = Quaternion(0.00199652, 0.0997755, 0.0635875, 0.992974)
bones/5/scale = Vector3(1, 1, 1)
bones/6/position = Vector3(0.00398439, 0.104613, 5.58794e-09)
bones/6/rotation = Quaternion(-0.00888422, 0.00479442, 0.31606, 0.948685)
bones/6/scale = Vector3(1, 1, 1)
bones/7/position = Vector3(-5.38602e-05, 0.100706, 1.62981e-09)
bones/7/rotation = Quaternion(0.00154537, -0.0156374, -0.0983889, 0.995024)
bones/7/scale = Vector3(1, 1, 1)
bones/8/position = Vector3(-9.90927e-07, 0.101677, -3.6283e-09)
bones/8/rotation = Quaternion(-0.00077901, 0.00118852, 0.532872, 0.846195)
bones/8/scale = Vector3(1, 1, 1)
bones/9/position = Vector3(-0.00171453, 0.1013, 4.03379e-08)
bones/9/rotation = Quaternion(1.94887e-05, -0.00167311, 0.00620538, 0.999979)
bones/9/scale = Vector3(1, 1, 1)
bones/10/position = Vector3(-0.00047189, 0.10328, -3.11265e-08)
bones/10/rotation = Quaternion(1.43606e-05, -0.00247399, -0.000477168, 0.999997)
bones/11/position = Vector3(-0.000558704, 0.100289, -1.19791e-07)
bones/11/rotation = Quaternion(0.000500975, 0.00267986, 0.189963, 0.981788)
bones/11/scale = Vector3(1, 1, 1)

[node name="o1" type="Marker3D" parent="Armature/Skeleton3D" index="1"]
transform = Transform3D(1, 0, 0, 0, 1, 0, 0, 0, 1, -0.00529316, 0, 0)

[node name="t1" type="Marker3D" parent="Armature/Skeleton3D" index="2"]
transform = Transform3D(0.999127, 0.0417939, 8.6755e-07, -0.0417939, 0.999126, -5.79742e-07, -8.4892e-07, 5.24019e-07, 1, -0.144426, 0.389575, 1.69641e-07)

[node name="t2" type="Marker3D" parent="Armature/Skeleton3D" index="3"]
transform = Transform3D(0.875, 0.484122, 4.21828e-07, -0.484123, 0.875, -8.07167e-07, -7.76935e-07, 4.86305e-07, 1, 0.112015, 0.593288, 3.67017e-07)

[node name="SkeletonModification3DEWBIK" type="SkeletonModification3DEWBIK" parent="Armature/Skeleton3D" index="4"]
root_bone = &"A0"
max_ik_iterations = 120.0
pin_count = 4
pins/0/name = "A0"
pins/0/target_node = NodePath("../o1")
pins/0/depth_falloff = 0.0
pins/0/weight = 1.0
pins/0/direction_priorities = Vector3(0.71, 0, 0.71)
pins/1/name = "A3"
pins/1/target_node = NodePath("../t1")
pins/1/depth_falloff = 1.0
pins/1/weight = 1.0
pins/1/direction_priorities = Vector3(0.71, 0, 0.71)
pins/2/name = "B3"
pins/2/target_node = NodePath("../t2")
pins/2/depth_falloff = 1.0
pins/2/weight = 1.0
pins/2/direction_priorities = Vector3(0.71, 0, 0.71)
pins/3/name = "C3"
pins/3/target_node = NodePath("../../t3")
pins/3/depth_falloff = 1.0
pins/3/weight = 1.0
pins/3/direction_priorities = Vector3(0.71, 0, 0.71)
constraint_count = 1
constraints/0/name = &"A3"
constraints/0/kusudama_twist = Vector2(0, 10)
constraints/0/kusudama_limit_cone_count = 0

[node name="t3" type="Marker3D" parent="Armature" index="1"]
transform = Transform3D(0.0933955, -0.995629, -3.67481e-08, 0.995629, 0.0933955, 9.8288e-08, -1.15127e-07, -8.70385e-08, 1, -0.370976, 0.528366, 2.18293e-07)
