[gd_scene load_steps=2 format=3 uid="uid://p70vo0hqdgqv"]

[ext_resource type="PackedScene" uid="uid://deuapcn1ywqqi" path="res://ewbik/art/ewbik_3_bone_chain.glb" id="1_k4flg"]

[node name="ewbik_3_bone_chain" instance=ExtResource("1_k4flg")]

[node name="Armature" parent="." index="0"]
transform = Transform3D(1, 0, 0, 0, 1, 0, 0, 0, 1, -0.175897, 0, 0)

[node name="Skeleton3D" parent="Armature" index="0"]
bones/0/position = Vector3(-0.166309, 0, 5.29568e-09)
bones/0/rotation = Quaternion(0, 9.79149e-10, 0, 1)
bones/0/scale = Vector3(1, 1, 1)
bones/1/position = Vector3(5.96046e-08, 0.0926459, 9.32796e-10)
bones/1/rotation = Quaternion(-0.00272148, -0.0457222, -0.0725068, 0.996316)
bones/1/scale = Vector3(1, 1, 1)
bones/2/position = Vector3(0.000720307, 0.107872, -0.000197081)
bones/2/rotation = Quaternion(-0.000993057, 0.0241053, -0.00751284, 0.999681)
bones/2/scale = Vector3(1, 1, 1)
bones/3/position = Vector3(-0.000448167, 0.10019, -4.3828e-06)
bones/3/rotation = Quaternion(0.00210518, 0.0215981, 0.102471, 0.994499)
bones/3/scale = Vector3(1, 1, 1)
bones/4/position = Vector3(9.13441e-06, 0.100285, 9.937e-07)
bones/4/rotation = Quaternion(-0.0409086, -0.0799075, -0.450571, 0.888216)
bones/4/scale = Vector3(1, 1, 1)
bones/5/position = Vector3(0.000374079, 0.0984073, -1.81794e-06)
bones/5/rotation = Quaternion(-0.000389407, 0.0988613, -0.00796436, 0.995069)
bones/5/scale = Vector3(1, 1, 1)
bones/6/position = Vector3(-0.00085184, 0.100116, -5.14556e-07)
bones/6/rotation = Quaternion(0.000443772, 0.000420044, -0.0209543, 0.99978)
bones/6/scale = Vector3(1, 1, 1)
bones/7/position = Vector3(-0.00025934, 0.100179, -1.76951e-08)
bones/7/rotation = Quaternion(-0.0021747, -0.00929905, 0.230278, 0.973078)
bones/7/scale = Vector3(1, 1, 1)
bones/8/position = Vector3(7.18236e-06, 0.100274, 9.96896e-07)
bones/8/rotation = Quaternion(0.000219145, -0.000504225, 0.406192, 0.913788)
bones/8/scale = Vector3(1, 1, 1)
bones/9/position = Vector3(6.19888e-06, 0.100095, 1.05938e-08)
bones/9/rotation = Quaternion(0.000308965, -0.00255206, 0.0834573, 0.996508)
bones/9/scale = Vector3(1, 1, 1)
bones/10/position = Vector3(1.37389e-05, 0.100194, -7.91624e-09)
bones/10/rotation = Quaternion(0.00162149, -0.00156916, 0.206869, 0.978366)
bones/10/scale = Vector3(1, 1, 1)
bones/11/position = Vector3(-5.76973e-05, 0.10019, 3.25963e-08)
bones/11/rotation = Quaternion(3.40827e-05, 0.00471446, 0.00771378, 0.999959)
bones/11/scale = Vector3(1, 1, 1)

[node name="o1" type="Marker3D" parent="Armature/Skeleton3D" index="1"]
transform = Transform3D(1, 0, 0, 0, 1, 0, 0, 0, 1, 0.0185869, 0, 0)

[node name="o2" type="Marker3D" parent="Armature/Skeleton3D" index="2"]
transform = Transform3D(1, 7.96616e-16, 5.67414e-08, 1.79443e-14, 1, -3.30287e-07, -5.67414e-08, 3.30287e-07, 1, 9.5594e-16, 1.2, 3.96345e-07)

[node name="t1" type="Marker3D" parent="Armature/Skeleton3D" index="3"]
transform = Transform3D(0.999127, 0.0417939, 8.6755e-07, -0.0417939, 0.999126, -5.79742e-07, -8.4892e-07, 5.24019e-07, 1, -0.130472, 0.389575, 1.69641e-07)

[node name="t2" type="Marker3D" parent="Armature/Skeleton3D" index="4"]
transform = Transform3D(0.875, 0.484122, 4.21828e-07, -0.484123, 0.875, -8.07167e-07, -7.76935e-07, 4.86305e-07, 1, 0.112015, 0.593288, 3.67017e-07)

[node name="t3" type="Marker3D" parent="Armature/Skeleton3D" index="5"]
transform = Transform3D(0.0933955, -0.995629, -3.67481e-08, 0.995629, 0.0933955, 9.8288e-08, -1.15127e-07, -8.70385e-08, 1, -0.406418, 0.524287, 2.18293e-07)

[node name="SkeletonModification3DEWBIK" type="SkeletonModification3DEWBIK" parent="Armature/Skeleton3D" index="6"]
root_bone = &"A0"
max_ik_iterations = 120.0
pin_count = 4
pins/0/name = "A0"
pins/0/target_node = NodePath("../o1")
pins/0/depth_falloff = 0.0
pins/0/weight = 1.0
pins/0/direction_priorities = Vector3(0.71, 0, 0.71)
pins/1/name = "A3"
pins/1/target_node = NodePath("../t1")
pins/1/depth_falloff = 1.0
pins/1/weight = 1.0
pins/1/direction_priorities = Vector3(0.71, 0, 0.71)
pins/2/name = "B3"
pins/2/target_node = NodePath("../t2")
pins/2/depth_falloff = 1.0
pins/2/weight = 1.0
pins/2/direction_priorities = Vector3(0.71, 0, 0.71)
pins/3/name = "C3"
pins/3/target_node = NodePath("../t3")
pins/3/depth_falloff = 1.0
pins/3/weight = 1.0
pins/3/direction_priorities = Vector3(0.71, 0, 0.71)
constraint_count = 1
constraints/0/name = &"A3"
constraints/0/kusudama_twist = Vector2(0, 10)
constraints/0/kusudama_limit_cone_count = 0
