[gd_scene load_steps=2 format=3 uid="uid://p70vo0hqdgqv"]

[ext_resource type="PackedScene" uid="uid://deuapcn1ywqqi" path="res://ewbik/art/ewbik_3_bone_chain.glb" id="1_k4flg"]

[node name="ewbik_3_bone_chain" instance=ExtResource("1_k4flg")]

[node name="Skeleton3D" parent="Armature" index="0"]
bones/0/position = Vector3(-0.00529316, 0, 0)
bones/0/rotation = Quaternion(0, 0, 0, 1)
bones/0/scale = Vector3(1, 1, 1)
bones/1/position = Vector3(-3.27826e-06, 0.0926562, 9.33878e-10)
bones/1/rotation = Quaternion(0.00881612, -0.0431514, 0.226411, 0.973036)
bones/1/scale = Vector3(1, 1, 1)
bones/2/position = Vector3(0.000843152, 0.111737, 0.000192915)
bones/2/rotation = Quaternion(0.000704554, 0.0180606, -0.0159369, 0.99971)
bones/2/scale = Vector3(1, 1, 1)
bones/3/position = Vector3(-0.00250138, 0.102661, 1.28942e-06)
bones/3/rotation = Quaternion(-0.0066044, 0.0251378, -0.230644, 0.972691)
bones/3/scale = Vector3(1, 1, 1)
bones/4/position = Vector3(2.58535e-06, 0.101558, -3.45629e-09)
bones/4/rotation = Quaternion(-0.041176, -0.0787298, -0.492869, 0.865556)
bones/4/scale = Vector3(1, 1, 1)
bones/5/position = Vector3(-0.00382304, 0.102286, 2.82526e-05)
bones/5/rotation = Quaternion(0.00232622, 0.0996347, 0.0647936, 0.99291)
bones/5/scale = Vector3(1, 1, 1)
bones/6/position = Vector3(0.00403962, 0.104966, -3.72529e-09)
bones/6/rotation = Quaternion(-0.00869749, 0.00477143, 0.312741, 0.949786)
bones/6/scale = Vector3(1, 1, 1)
bones/7/position = Vector3(0.000205971, 0.100714, 2.32831e-10)
bones/7/rotation = Quaternion(0.0015114, -0.015669, -0.0980665, 0.995055)
bones/7/scale = Vector3(1, 1, 1)
bones/8/position = Vector3(2.58535e-06, 0.101558, -3.41554e-09)
bones/8/rotation = Quaternion(-0.000772964, 0.00118301, 0.531838, 0.846845)
bones/8/scale = Vector3(1, 1, 1)
bones/9/position = Vector3(-0.00178111, 0.101274, 1.42609e-08)
bones/9/rotation = Quaternion(1.82718e-05, -0.00166407, 0.00679479, 0.999976)
bones/9/scale = Vector3(1, 1, 1)
bones/10/position = Vector3(-0.000418574, 0.102603, -3.2509e-08)
bones/10/rotation = Quaternion(1.20981e-05, -0.00245222, -0.000701527, 0.999997)
bones/11/position = Vector3(-0.000544518, 0.100305, -9.10368e-08)
bones/11/rotation = Quaternion(0.000500367, 0.00265667, 0.190714, 0.981642)
bones/11/scale = Vector3(1, 1, 1)

[node name="o1" type="Marker3D" parent="Armature/Skeleton3D" index="1"]
transform = Transform3D(1, 0, 0, 0, 1, 0, 0, 0, 1, -0.00529316, 0, 0)

[node name="t1" type="Marker3D" parent="Armature/Skeleton3D" index="2"]
transform = Transform3D(0.999127, 0.0417939, 8.6755e-07, -0.0417939, 0.999126, -5.79742e-07, -8.4892e-07, 5.24019e-07, 1, -0.144426, 0.389575, 1.69641e-07)

[node name="t2" type="Marker3D" parent="Armature/Skeleton3D" index="3"]
transform = Transform3D(0.875, 0.484122, 4.21828e-07, -0.484123, 0.875, -8.07167e-07, -7.76935e-07, 4.86305e-07, 1, 0.112015, 0.593288, 3.67017e-07)

[node name="t3" type="Marker3D" parent="Armature/Skeleton3D" index="4"]
transform = Transform3D(0.0933955, -0.995629, -3.67481e-08, 0.995629, 0.0933955, 9.8288e-08, -1.15127e-07, -8.70385e-08, 1, -0.370976, 0.528366, 2.18293e-07)

[node name="SkeletonModification3DEWBIK" type="SkeletonModification3DEWBIK" parent="Armature/Skeleton3D" index="5"]
root_bone = &"A0"
max_ik_iterations = 120.0
pin_count = 4
pins/0/name = "A0"
pins/0/target_node = NodePath("../o1")
pins/0/depth_falloff = 0.0
pins/0/weight = 1.0
pins/0/direction_priorities = Vector3(0.71, 0, 0.71)
pins/1/name = "A3"
pins/1/target_node = NodePath("../t1")
pins/1/depth_falloff = 1.0
pins/1/weight = 1.0
pins/1/direction_priorities = Vector3(0.71, 0, 0.71)
pins/2/name = "B3"
pins/2/target_node = NodePath("../t2")
pins/2/depth_falloff = 1.0
pins/2/weight = 1.0
pins/2/direction_priorities = Vector3(0.71, 0, 0.71)
pins/3/name = "C3"
pins/3/target_node = NodePath("../t3")
pins/3/depth_falloff = 1.0
pins/3/weight = 1.0
pins/3/direction_priorities = Vector3(0.71, 0, 0.71)
constraint_count = 1
constraints/0/name = &"A3"
constraints/0/kusudama_twist = Vector2(0, 10)
constraints/0/kusudama_limit_cone_count = 0
