[gd_scene load_steps=2 format=3 uid="uid://p70vo0hqdgqv"]

[ext_resource type="PackedScene" uid="uid://deuapcn1ywqqi" path="res://ewbik/art/ewbik_3_bone_chain.glb" id="1_k4flg"]

[node name="ewbik_3_bone_chain" instance=ExtResource("1_k4flg")]

[node name="Skeleton3D" parent="Armature" index="0"]
bones/0/position = Vector3(-0.00529316, 0, 0)
bones/0/rotation = Quaternion(0, 0, 0, 1)
bones/0/scale = Vector3(1, 1, 1)
bones/1/position = Vector3(-3.27826e-06, 0.0926562, 9.33878e-10)
bones/1/rotation = Quaternion(0.00891527, -0.0431253, 0.227785, 0.972715)
bones/1/scale = Vector3(1, 1, 1)
bones/2/position = Vector3(0.000911783, 0.111336, 0.0001769)
bones/2/rotation = Quaternion(0.000643217, 0.0180578, -0.0162629, 0.999704)
bones/2/scale = Vector3(1, 1, 1)
bones/3/position = Vector3(-0.00249854, 0.102501, 1.0205e-06)
bones/3/rotation = Quaternion(-0.00662909, 0.025129, -0.231552, 0.972475)
bones/3/scale = Vector3(1, 1, 1)
bones/4/position = Vector3(8.9407e-06, 0.101548, -3.29979e-09)
bones/4/rotation = Quaternion(-0.0399534, -0.0790457, -0.474615, 0.875726)
bones/4/scale = Vector3(1, 1, 1)
bones/5/position = Vector3(-0.00332817, 0.102031, 2.28435e-05)
bones/5/rotation = Quaternion(0.00102088, 0.0995522, 0.0381776, 0.994299)
bones/5/scale = Vector3(1, 1, 1)
bones/6/position = Vector3(0.00376284, 0.103511, -9.31323e-10)
bones/6/rotation = Quaternion(-0.00860139, 0.00479337, 0.303767, 0.952695)
bones/6/scale = Vector3(1, 1, 1)
bones/7/position = Vector3(0.000412352, 0.100963, -1.14087e-08)
bones/7/rotation = Quaternion(0.00119709, -0.0157837, -0.0830983, 0.996416)
bones/7/scale = Vector3(1, 1, 1)
bones/8/position = Vector3(8.9407e-06, 0.101548, -3.25861e-09)
bones/8/rotation = Quaternion(-0.000758234, 0.00116122, 0.53057, 0.84764)
bones/8/scale = Vector3(1, 1, 1)
bones/9/position = Vector3(-0.00181183, 0.101121, 1.90921e-08)
bones/9/rotation = Quaternion(2.03587e-05, -0.00163937, 0.00708903, 0.999974)
bones/9/scale = Vector3(1, 1, 1)
bones/10/position = Vector3(-0.000389189, 0.101846, -3.5725e-08)
bones/10/rotation = Quaternion(1.04163e-05, -0.00243183, -0.000774065, 0.999997)
bones/11/position = Vector3(-0.000535786, 0.100146, -9.82545e-08)
bones/11/rotation = Quaternion(0.000500187, 0.0026376, 0.191816, 0.981427)
bones/11/scale = Vector3(1, 1, 1)

[node name="o1" type="Marker3D" parent="Armature/Skeleton3D" index="1"]
transform = Transform3D(1, 0, 0, 0, 1, 0, 0, 0, 1, -0.00529316, 0, 0)

[node name="t1" type="Marker3D" parent="Armature/Skeleton3D" index="2"]
transform = Transform3D(0.999127, 0.0417939, 8.6755e-07, -0.0417939, 0.999126, -5.79742e-07, -8.4892e-07, 5.24019e-07, 1, -0.144426, 0.389575, 1.69641e-07)

[node name="t2" type="Marker3D" parent="Armature/Skeleton3D" index="3"]
transform = Transform3D(0.875, 0.484122, 4.21828e-07, -0.484123, 0.875, -8.07167e-07, -7.76935e-07, 4.86305e-07, 1, 0.112015, 0.593288, 3.67017e-07)

[node name="t3" type="Marker3D" parent="Armature/Skeleton3D" index="4"]
transform = Transform3D(0.0933955, -0.995629, -3.67481e-08, 0.995629, 0.0933955, 9.8288e-08, -1.15127e-07, -8.70385e-08, 1, -0.370976, 0.528366, 2.18293e-07)

[node name="SkeletonModification3DEWBIK" type="SkeletonModification3DEWBIK" parent="Armature/Skeleton3D" index="5"]
root_bone = &"A0"
max_ik_iterations = 120.0
pin_count = 4
pins/0/name = "A0"
pins/0/target_node = NodePath("../o1")
pins/0/depth_falloff = 0.0
pins/0/weight = 1.0
pins/0/direction_priorities = Vector3(0.71, 0, 0.71)
pins/1/name = "A3"
pins/1/target_node = NodePath("../t1")
pins/1/depth_falloff = 1.0
pins/1/weight = 1.0
pins/1/direction_priorities = Vector3(0.71, 0, 0.71)
pins/2/name = "B3"
pins/2/target_node = NodePath("../t2")
pins/2/depth_falloff = 1.0
pins/2/weight = 1.0
pins/2/direction_priorities = Vector3(0.71, 0, 0.71)
pins/3/name = "C3"
pins/3/target_node = NodePath("../t3")
pins/3/depth_falloff = 1.0
pins/3/weight = 1.0
pins/3/direction_priorities = Vector3(0.71, 0, 0.71)
constraint_count = 1
constraints/0/name = &"A3"
constraints/0/kusudama_twist = Vector2(0, 10)
constraints/0/kusudama_limit_cone_count = 0
