[gd_scene load_steps=2 format=3 uid="uid://p70vo0hqdgqv"]

[ext_resource type="PackedScene" uid="uid://deuapcn1ywqqi" path="res://ewbik/art/ewbik_3_bone_chain.glb" id="1_k4flg"]

[node name="ewbik_3_bone_chain" instance=ExtResource("1_k4flg")]

[node name="Skeleton3D" parent="Armature" index="0"]
bones/0/position = Vector3(-0.184896, 0, 0)
bones/0/rotation = Quaternion(0, 1.4013e-45, 0, 1)
bones/0/scale = Vector3(1, 1, 1)
bones/1/position = Vector3(-3.27826e-06, 0.0926562, 9.33878e-10)
bones/1/rotation = Quaternion(-0.00570335, -0.0439417, -0.110251, 0.992916)
bones/1/scale = Vector3(1, 1, 1)
bones/2/position = Vector3(0.00119162, 0.10822, 7.22148e-05)
bones/2/rotation = Quaternion(0.000244144, 0.018303, -0.0154508, 0.999713)
bones/2/scale = Vector3(1, 1, 1)
bones/3/position = Vector3(-0.00200258, 0.100474, 1.2489e-06)
bones/3/rotation = Quaternion(0.00335093, 0.0258017, 0.148198, 0.988615)
bones/3/scale = Vector3(1, 1, 1)
bones/4/position = Vector3(-6.45965e-06, 0.100419, -2.20371e-09)
bones/4/rotation = Quaternion(-0.0396349, -0.077449, -0.467757, 0.879565)
bones/4/scale = Vector3(1, 1, 1)
bones/5/position = Vector3(-0.00163919, 0.0987465, 1.46255e-05)
bones/5/rotation = Quaternion(0.000439999, 0.0976228, 0.0202536, 0.995017)
bones/5/scale = Vector3(1, 1, 1)
bones/6/position = Vector3(0.00242227, 0.100458, -6.51926e-09)
bones/6/rotation = Quaternion(6.35745e-05, 0.00455707, -0.0101482, 0.999938)
bones/6/scale = Vector3(1, 1, 1)
bones/7/position = Vector3(0.000383377, 0.100713, -4.56348e-08)
bones/7/rotation = Quaternion(-0.00327738, -0.0148679, 0.211495, 0.977261)
bones/7/scale = Vector3(1, 1, 1)
bones/8/position = Vector3(-8.97795e-06, 0.10038, -2.13741e-09)
bones/8/rotation = Quaternion(-0.000777769, 0.000967186, 0.563575, 0.826064)
bones/9/position = Vector3(-0.00149363, 0.09963, 9.42964e-09)
bones/9/rotation = Quaternion(5.70724e-05, -0.00153698, -0.0124197, 0.999922)
bones/9/scale = Vector3(1, 1, 1)
bones/10/position = Vector3(-0.000316083, 0.10018, 1.09867e-08)
bones/10/rotation = Quaternion(-0.000295082, -0.00221591, -0.172493, 0.985008)
bones/10/scale = Vector3(1, 1, 1)
bones/11/position = Vector3(-0.000538036, 0.0989017, 3.89991e-08)
bones/11/rotation = Quaternion(0.000617099, 0.002463, 0.298327, 0.95446)
bones/11/scale = Vector3(1, 1, 1)

[node name="o1" type="Marker3D" parent="Armature/Skeleton3D" index="1"]

[node name="o2" type="Marker3D" parent="Armature/Skeleton3D" index="2"]
transform = Transform3D(1, 7.96616e-16, 5.67414e-08, 1.79443e-14, 1, -3.30287e-07, -5.67414e-08, 3.30287e-07, 1, 9.5594e-16, 1.2, 3.96345e-07)

[node name="t1" type="Marker3D" parent="Armature/Skeleton3D" index="3"]
transform = Transform3D(0.999127, 0.0417939, 8.6755e-07, -0.0417939, 0.999126, -5.79742e-07, -8.4892e-07, 5.24019e-07, 1, -0.130472, 0.389575, 1.69641e-07)

[node name="t2" type="Marker3D" parent="Armature/Skeleton3D" index="4"]
transform = Transform3D(0.875, 0.484122, 4.21828e-07, -0.484123, 0.875, -8.07167e-07, -7.76935e-07, 4.86305e-07, 1, 0.112015, 0.593288, 3.67017e-07)

[node name="t3" type="Marker3D" parent="Armature/Skeleton3D" index="5"]
transform = Transform3D(0.0933955, -0.995629, -3.67481e-08, 0.995629, 0.0933955, 9.8288e-08, -1.15127e-07, -8.70385e-08, 1, -0.406418, 0.524287, 2.18293e-07)

[node name="SkeletonModification3DEWBIK" type="SkeletonModification3DEWBIK" parent="Armature/Skeleton3D" index="6"]
root_bone = &"A0"
max_ik_iterations = 120.0
pin_count = 4
pins/0/name = "A0"
pins/0/target_node = NodePath("../o1")
pins/0/depth_falloff = 0.0
pins/0/weight = 1.0
pins/0/direction_priorities = Vector3(0.71, 0, 0.71)
pins/1/name = "A3"
pins/1/target_node = NodePath("../t1")
pins/1/depth_falloff = 1.0
pins/1/weight = 1.0
pins/1/direction_priorities = Vector3(0.71, 0, 0.71)
pins/2/name = "B3"
pins/2/target_node = NodePath("../t2")
pins/2/depth_falloff = 1.0
pins/2/weight = 1.0
pins/2/direction_priorities = Vector3(0.71, 0, 0.71)
pins/3/name = "C3"
pins/3/target_node = NodePath("../t3")
pins/3/depth_falloff = 1.0
pins/3/weight = 1.0
pins/3/direction_priorities = Vector3(0.71, 0, 0.71)
constraint_count = 1
constraints/0/name = &"A3"
constraints/0/kusudama_twist = Vector2(0, 10)
constraints/0/kusudama_limit_cone_count = 0
